0.01 -2
0.01 -2
0.01 -2
0.01 -1.5
0.01 -1.5
0.01 -1.5
0.01 -1
0.01 -1
0.01 -1
0.01 -0.5
0.01 -0.5
0.01 -0.5
0.01 0
0.01 0
0.01 0
0.01 0.5
0.01 0.5
0.01 0.5
0.02 -2
0.02 -2
0.02 -2
0.02 -1.5
0.02 -1.5
0.02 -1.5
0.02 -1
0.02 -1
0.02 -1
0.02 -0.5
0.02 -0.5
0.02 -0.5
0.02 0
0.02 0
0.02 0
0.02 0.5
0.02 0.5
0.02 0.5
0.05 -2
0.05 -2
0.05 -2
0.05 -1.5
0.05 -1.5
0.05 -1.5
0.05 -1
0.05 -1
0.05 -1
0.05 -0.5
0.05 -0.5
0.05 -0.5
0.05 0
0.05 0
0.05 0
0.05 0.5
0.05 0.5
0.05 0.5
0.1 -2
0.1 -2
0.1 -2
0.1 -1.5
0.1 -1.5
0.1 -1.5
0.1 -1
0.1 -1
0.1 -1
0.1 -0.5
0.1 -0.5
0.1 -0.5
0.1 0
0.1 0
0.1 0
0.1 0.5
0.1 0.5
0.1 0.5
0.2 -2
0.2 -2
0.2 -2
0.2 -1.5
0.2 -1.5
0.2 -1.5
0.2 -1
0.2 -1
0.2 -1
0.2 -0.5
0.2 -0.5
0.2 -0.5
0.2 0
0.2 0
0.2 0
0.2 0.5
0.2 0.5
0.2 0.5
0.5 -2
0.5 -2
0.5 -2
0.5 -1.5
0.5 -1.5
0.5 -1.5
0.5 -1
0.5 -1
0.5 -1
0.5 -0.5
0.5 -0.5
0.5 -0.5
0.5 0
0.5 0
0.5 0
0.5 0.5
0.5 0.5
0.5 0.5
1 -2
1 -2
1 -2
1 -1.5
1 -1.5
1 -1.5
1 -1
1 -1
1 -1
1 -0.5
1 -0.5
1 -0.5
1 0
1 0
1 0
1 0.5
1 0.5
1 0.5
2 -2
2 -2
2 -2
2 -1.5
2 -1.5
2 -1.5
2 -1
2 -1
2 -1
2 -0.5
2 -0.5
2 -0.5
2 0
2 0
2 0
2 0.5
2 0.5
2 0.5
